9 0
66 0
1 0
53 0
14 0
89 0
19 0
2 0
18 0
0 0
19 0
0 0
3 0
39 0
136 0
66 0
8 0
0 0
1 0
11 0
3 0
51 0
46 0
91 0
0 0
19 0
12 0
34 0
10 0
82 0
16 0
89 0
91 0
89 0
4 0
13 0
29 1
3 0
30 0
4 0
91 0
12 0
0 0
31 0
111 0
3 0
44 0
3 0
38 0
5 0
10 0
9 0
94 0
1 0
90 0
5 1
56 0
91 0
33 0
1 0
35 0
1 0
57 0
20 0
16 0
44 0
38 0
6 0
10 0
49 0
14 0
1 0
25 0
3 0
16 0
10 0
47 0
46 0
41 0
82 1
14 0
7 0
13 0
10 0
6 1
1 0
27 1
5 0
4 0
77 0
16 0
54 0
36 0
40 0
36 0
14 0
5 1
98 0
45 0
5 0
12 0
36 0
4 0
36 0
91 0
21 0
3 0
18 0
2 0
39 0
14 1
0 0
40 0
0 0
11 1
12 0
72 0
10 0
24 0
33 0
78 0
181 0
23 0
2 0
95 0
50 0
11 0
17 0
143 0
30 0
18 0
0 0
61 0
3 0
68 0
27 0
71 0
46 0
20 0
4 0
29 0
2 0
3 0
6 0
0 0
46 0
71 0
0 0
79 0
0 0
4 0
109 0
15 0
0 0
0 0
35 1
70 0
6 0
29 0
37 0
22 0
82 0
1 0
64 0
77 1
7 0
15 0
7 0
35 0
0 1
19 0
4 0
73 0
37 0
14 0
52 0
8 0
0 0
80 0
0 0
28 0
0 0
13 0
54 0
2 0
11 0
48 1
67 0
8 0
1 1
32 0
18 0
14 0
9 1
33 1
44 0
86 0
3 0
39 0
45 0
9 1
51 0
129 0
91 0
20 0
136 0
4 0
4 0
158 0
20 0
38 0
157 0
0 0
21 0
76 0
0 0
35 0
28 0
52 1
149 0
98 0
0 0
94 0
2 0
26 0
4 1
58 0
2 1
95 0
21 0
11 0
10 0
39 0
97 0
14 0
79 1
47 0
0 0
16 0
21 0
19 0
0 0
53 0
3 0
11 0
59 0
49 0
19 0
4 0
33 0
3 0
11 0
0 0
0 0
37 0
2 0
28 0
26 0
0 0
21 0
60 0
95 0
7 0
37 0
2 0
18 0
28 0
5 0
50 1
22 0
6 0
32 0
8 0
5 0
8 0
10 1
0 0
90 0
8 0
2 0
4 0
29 1
89 0
69 0
83 0
12 0
23 0
18 0
0 0
64 0
64 0
25 0
10 0
8 0
40 1
1 0
12 0
22 0
8 0
9 1
2 0
22 1
57 0
5 0
7 0
27 0
83 1
7 0
52 0
89 0
95 0
69 0
3 0
2 0
2 0
84 1
68 1
53 0
5 0
46 0
3 0
0 0
10 0
22 0
33 0
24 0
129 0
66 0
72 0
1 0
2 1
1 0
34 0
59 0
73 0
61 0
6 0
26 0
60 0
164 0
57 0
83 0
31 0
4 0
120 0
76 0
35 0
43 0
0 1
104 0
50 0
12 0
63 0
20 0
2 0
1 0
15 0
0 0
8 0
72 1
50 0
96 0
14 0
25 0
65 0
91 1
5 0
14 0
51 1
1 0
82 0
38 0
94 0
38 0
112 0
7 0
14 0
2 0
6 1
13 0
13 1
0 0
17 0
11 0
93 0
7 1
76 1
98 0
3 0
19 0
24 0
15 0
6 0
1 0
25 0
23 0
188 0
42 0
13 0
97 0
0 0
38 0
28 0
16 1
13 0
26 0
35 1
3 0
10 0
96 0
17 0
0 0
55 0
43 0
79 0
26 1
58 0
28 0
2 0
2 0
0 0
8 0
19 0
18 1
78 0
62 0
17 1
15 0
1 0
50 0
2 0
51 0
23 0
8 1
13 0
0 0
0 0
68 0
56 0
68 0
1 0
28 1
42 0
29 0
32 0
5 0
73 0
8 1
21 0
102 0
6 0
8 0
11 0
47 0
51 0
46 0
3 0
68 0
40 0
64 1
27 0
29 0
0 0
20 0
2 0
39 0
20 0
28 1
37 0
20 0
2 0
168 0
36 0
104 0
7 0
1 0
44 0
34 0
88 0
43 0
10 0
52 1
14 0
14 0
1 0
1 0
1 0
65 0
81 0
104 0
5 0
86 0
33 0
1 0
14 0
8 0
12 0
46 0
98 0
1 0
35 0
84 1
74 0
48 0
51 1
3 1
7 0
91 0
0 0
100 0
10 0
140 0
15 0
94 0
55 0
0 0
88 0
5 1
3 0
29 0
92 0
14 0
115 1
14 0
0 0
23 0
33 0
11 0
6 0
9 1
16 0
3 0
18 0
8 0
2 0
21 0
5 0
30 0
45 0
79 0
28 1
93 0
1 0
0 0
5 0
21 1
55 0
0 0
93 0
82 0
0 0
1 0
34 0
11 0
53 0
46 0
0 0
10 1
45 0
48 0
8 0
42 0
15 0
4 0
46 1
16 0
97 0
0 0
30 0
8 0
95 0
8 0
60 0
72 0
61 0
55 0
12 0
1 1
33 0
45 0
90 1
43 1
172 0
58 0
0 1
4 0
40 1
32 0
5 0
85 0
1 0
2 0
13 0
37 0
95 0
26 0
92 0
34 0
62 0
0 0
13 0
0 0
1 0
63 0
69 0
21 1
46 0
3 0
27 0
46 0
86 0
10 0
34 0
5 0
0 0
208 0
1 1
0 0
5 1
2 0
9 0
46 0
6 0
8 0
2 0
112 1
245 0
157 0
7 0
2 0
4 0
61 0
5 0
0 0
29 0
37 0
1 0
93 0
65 0
16 0
32 0
8 0
74 1
23 0
5 0
58 0
105 0
82 0
170 0
14 0
44 0
9 0
91 0
32 0
9 0
25 0
94 0
43 0
0 0
0 0
102 0
18 0
67 0
21 0
1 0
43 1
15 0
95 0
25 0
5 0
82 0
9 0
37 0
1 0
0 1
25 0
15 1
189 1
56 0
8 0
16 0
95 0
219 0
93 0
12 1
18 0
2 0
50 0
27 0
10 0
15 0
4 0
2 0
0 0
55 0
91 0
4 0
4 0
67 1
21 0
103 0
60 0
6 0
64 0
19 0
93 0
63 0
71 0
11 0
14 0
1 0
94 0
0 0
107 0
84 0
42 0
34 0
56 0
20 0
98 0
94 0
122 0
30 0
1 0
14 0
87 0
1 0
13 1
11 0
53 0
0 0
34 0
61 0
92 0
79 1
0 0
0 0
15 0
38 0
1 0
11 0
100 0
4 0
66 0
24 0
83 0
44 0
18 0
64 0
11 1
45 0
16 0
21 0
8 0
25 0
53 1
2 1
31 0
0 0
1 0
41 0
9 0
54 0
190 0
21 0
1 0
0 0
28 0
36 1
70 0
0 0
0 0
52 0
9 0
8 0
0 0
8 0
11 0
11 1
32 0
20 0
106 0
3 0
63 1
29 0
41 0
18 0
3 0
12 0
0 1
13 0
50 0
1 1
96 1
22 0
174 0
64 0
4 0
25 0
52 0
54 0
2 0
23 0
10 0
1 0
15 0
10 0
9 1
61 0
56 0
67 0
10 0
11 0
12 0
83 1
51 0
8 1
1 0
22 0
74 0
31 0
5 0
18 0
112 0
0 0
70 0
17 1
15 0
216 0
45 1
8 0
35 0
32 0
22 0
4 0
32 0
7 0
2 0
1 0
51 0
76 0
4 0
0 0
33 0
21 0
76 0
8 0
30 1
4 0
1 0
0 0
3 0
2 0
1 0
19 0
127 1
30 0
125 1
2 1
30 0
64 0
47 0
14 0
21 0
64 0
26 0
1 0
1 0
2 0
0 0
21 0
55 0
10 0
0 0
83 0
0 0
92 0
5 0
117 0
186 0
5 0
16 0
0 0
13 0
0 0
133 0
4 0
54 0
34 0
13 0
34 0
74 0
114 0
1 0
19 0
17 0
37 0
17 1
64 1
34 0
100 0
1 0
12 0
34 0
99 0
61 0
98 0
3 1
77 0
9 0
20 0
1 0
2 1
99 0
6 0
1 0
2 0
44 1
28 0
13 0
63 0
52 0
106 0
47 0
28 1
2 0
166 0
33 0
18 0
2 0
16 0
33 0
36 0
1 0
0 0
9 0
53 0
48 0
52 0
136 0
102 0
46 0
3 0
7 0
80 1
0 0
46 1
0 0
3 0
20 1
3 0
11 0
1 0
97 0
29 0
19 0
59 0
2 0
5 1
4 0
5 0
41 0
2 0
37 0
80 1
50 0
7 0
16 0
7 0
27 0
5 0
14 0
98 0
28 0
31 0
148 0
55 0
24 0
6 0
1 1
12 0
49 0
37 0
0 0
3 0
2 0
2 1
58 0
19 0
2 1
147 0
90 0
2 0
78 0
28 0
1 0
88 0
31 0
1 0
42 0
